number of rooms
number of wall/ground/roof surfaces
coordinates of boundary points of each surface
...

e.g. (one room)
5
9 1 1
(6.9026, 31.8132, 0.219394), (5.8526, 21.9132, 0.219394), (5.8526, 21.9132, 3.32817), (6.9026, 31.8132, 3.32817), 
(5.8526, 21.9132, 0.219394), (12.5526, 21.3132, 0.219394), (12.5526, 21.3132, 3.32817), (5.8526, 21.9132, 3.32817), 
(12.5526, 21.3132, 0.219394), (12.8526, 21.5632, 0.219394), (12.8526, 21.5632, 3.32817), (12.5526, 21.3132, 3.32817), 
(12.8526, 21.5632, 0.219394), (13.3526, 31.1632, 0.219394), (13.3526, 31.1632, 3.32817), (12.8526, 21.5632, 3.32817), 
(13.3526, 31.1632, 0.219394), (13.1526, 31.1132, 0.219394), (13.1526, 31.1132, 3.32817), (13.3526, 31.1632, 3.32817), 
(13.1526, 31.1132, 0.219394), (12.8026, 31.3632, 0.219394), (12.8026, 31.3632, 3.32817), (13.1526, 31.1132, 3.32817), 
(12.8026, 31.3632, 0.219394), (12.2026, 31.3132, 0.219394), (12.2026, 31.3132, 3.32817), (12.8026, 31.3632, 3.32817), 
(12.2026, 31.3132, 0.219394), (9.5526, 31.7132, 0.219394), (9.5526, 31.7132, 3.32817), (12.2026, 31.3132, 3.32817), 
(9.5526, 31.7132, 0.219394), (6.9026, 31.8132, 0.219394), (6.9026, 31.8132, 3.32817), (9.5526, 31.7132, 3.32817),
(6.9026, 31.8132, 0.219394), (5.8526, 21.9132, 0.219394), (12.5526, 21.3132, 0.219394), (12.8526, 21.5632, 0.219394), (13.3526, 31.1632, 0.219394), (13.1526, 31.1132, 0.219394), (12.8026, 31.3632, 0.219394), (12.2026, 31.3132, 0.219394), (9.5526, 31.7132, 0.219394), 
(6.9026, 31.8132, 3.32817), (5.8526, 21.9132, 3.32817), (12.5526, 21.3132, 3.32817), (12.8526, 21.5632, 3.32817), (13.3526, 31.1632, 3.32817), (13.1526, 31.1132, 3.32817), (12.8026, 31.3632, 3.32817), (12.2026, 31.3132, 3.32817), (9.5526, 31.7132, 3.32817)
...
